Parameters: 
outer:0
inner:0
a1:22.0
a2:2.2
b1:0.1
b2:0.01
b3:0
b4:0.1
s1:0
n:1000
duration:100
offset:0
granularity:10
shfl:0
mode:mode_t.get_distribution
f:./plan.bin
seeds:(2494563254, 12998748232194)
100
100
100
100
100
100
100
100
100
100

Plans:
0.03270111183780249
0.03270111183780249
0.03270111183780249
0.03270111183780249
0.03270111183780249
0.03270111183780249
0.03270111183780249
0.03270111183780249
0.03270111183780249
0.03270111183780249
0.03270111183780249
0.03270111183780249
0.03270111183780249
0.03270111183780249
0.03270111183780249
0.03270111183780249
0.03270111183780249
0.03270111183780249
0.03270111183780249
0.03270111183780249
0.03270111183780249
0.03270111183780249
0.03270111183780249
0.03270111183780249
0.03270111183780249
0.03270111183780249
0.03270111183780249
0.03270111183780249
0.03270111183780249
0.03270111183780249
0.03270111183780249
0.03270111183780249
0.03270111183780249
0.03270111183780249
0.03270111183780249
0.03270111183780249
0.03270111183780249
0.03270111183780249
0.03270111183780249
0.03270111183780249
0.03270111183780249
0.03270111183780249
0.03270111183780249
0.03270111183780249
0.03270111183780249
0.03270111183780249
0.03270111183780249
0.03270111183780249
0.03270111183780249
0.03270111183780249
0.03270111183780249
0.03270111183780249
0.03270111183780249
0.03270111183780249
0.03270111183780249
0.03270111183780249
0.03270111183780249
0.03270111183780249
0.03270111183780249
0.03270111183780249
0.06540222367560498
0.06540222367560498
0.06540222367560498
0.06540222367560498
0.06540222367560498
0.06540222367560498
0.06540222367560498
0.06540222367560498
0.06540222367560498
0.09810333551340747
0.09810333551340747
0.09810333551340747
0.09810333551340747
0.09810333551340747
0.09810333551340747
0.09810333551340747
0.13080444735120997
0.13080444735120997
0.13080444735120997
0.13080444735120997
0.13080444735120997
0.16350555918901244
0.16350555918901244
0.16350555918901244
0.16350555918901244
0.19620667102681494
0.19620667102681494
0.2534075393064055
0.26160889470241994
0.2943100065402224
0.2943100065402224
0.2943100065402224
0.3270111183780249
0.4251144538914324
0.4578155657292348
0.4905166775670373
0.5559189012426423
1.2753433616742968
3.106605624591236
9.090909090909092
9.324009324009324
9.324009324009324
9.324009324009324
9.324009324009324
9.324009324009324
9.324009324009324
9.324009324009324
9.324009324009324
9.324009324009324
9.324009324009324
9.324009324009324
9.324009324009324
9.324009324009324
9.324009324009324
9.324009324009324
9.324009324009324
9.324009324009324
9.324009324009324
9.324009324009324
9.324009324009324
9.324009324009324
9.324009324009324
9.324009324009324
9.324009324009324
9.324009324009324
9.324009324009324
9.324009324009324
9.324009324009324
9.324009324009324
9.324009324009324
9.324009324009324
9.324009324009324
9.324009324009324
9.324009324009324
9.324009324009324
9.324009324009324
9.324009324009324
9.324009324009324
9.324009324009324
9.324009324009324
9.324009324009324
9.324009324009324
9.324009324009324
9.324009324009324
9.324009324009324
9.324009324009324
9.324009324009324
9.324009324009324
9.324009324009324
9.324009324009324
9.324009324009324
9.324009324009324
9.324009324009324
9.324009324009324
9.324009324009324
9.324009324009324
9.324009324009324
9.324009324009324
9.324009324009324
9.324009324009324
9.324009324009324
9.324009324009324
9.324009324009324
9.324009324009324
9.557109557109557
9.557109557109557
9.557109557109557
9.557109557109557
9.557109557109557
9.557109557109557
9.557109557109557
9.557109557109557
9.557109557109557
9.557109557109557
9.557109557109557
9.557109557109557
9.557109557109557
9.557109557109557
9.557109557109557
9.790209790209792
9.790209790209792
9.790209790209792
9.790209790209792
9.790209790209792
9.93011725056513
10.023310023310025
10.023310023310025
10.023310023310025
10.023310023310025
10.023310023310025
10.256410256410257
10.256410256410257
10.256410256410257
10.256410256410257
10.48951048951049
10.48951048951049
11.18881118881119
11.88811188811189
11.88811188811189
18.181818181818183
18.495297805642636
18.495297805642636
18.495297805642636
18.495297805642636
18.495297805642636
18.495297805642636
18.495297805642636
18.495297805642636
18.495297805642636
18.495297805642636
18.495297805642636
18.495297805642636
18.495297805642636
18.495297805642636
18.495297805642636
18.495297805642636
18.495297805642636
18.495297805642636
18.495297805642636
18.495297805642636
18.495297805642636
18.495297805642636
18.495297805642636
18.495297805642636
18.495297805642636
18.495297805642636
18.495297805642636
18.495297805642636
18.495297805642636
18.495297805642636
18.495297805642636
18.495297805642636
18.495297805642636
18.495297805642636
18.495297805642636
18.495297805642636
18.495297805642636
18.495297805642636
18.495297805642636
18.495297805642636
18.495297805642636
18.495297805642636
18.495297805642636
18.495297805642636
18.495297805642636
18.495297805642636
18.495297805642636
18.495297805642636
18.495297805642636
18.495297805642636
18.495297805642636
18.495297805642636
18.495297805642636
18.495297805642636
18.495297805642636
18.495297805642636
18.495297805642636
18.495297805642636
18.495297805642636
18.495297805642636
18.495297805642636
18.495297805642636
18.495297805642636
18.495297805642636
18.495297805642636
18.495297805642636
18.495297805642636
18.495297805642636
18.495297805642636
18.495297805642636
18.495297805642636
18.628354791309743
18.808777429467085
18.808777429467085
18.808777429467085
18.808777429467085
18.808777429467085
18.808777429467085
18.808777429467085
18.808777429467085
18.808777429467085
18.808777429467085
18.808777429467085
18.808777429467085
19.122257053291538
19.122257053291538
19.122257053291538
19.43573667711599
19.43573667711599
19.43573667711599
19.43573667711599
19.74921630094044
20.062695924764892
20.062695924764892
20.062695924764892
20.689655172413794
22.570532915360502
22.884012539184955
22.884012539184955
27.272727272727273
27.30084265696818
27.511961722488035
27.511961722488035
27.511961722488035
27.511961722488035
27.511961722488035
27.511961722488035
27.511961722488035
27.511961722488035
27.511961722488035
27.511961722488035
27.511961722488035
27.511961722488035
27.511961722488035
27.511961722488035
27.511961722488035
27.511961722488035
27.511961722488035
27.511961722488035
27.511961722488035
27.511961722488035
27.511961722488035
27.511961722488035
27.511961722488035
27.511961722488035
27.511961722488035
27.511961722488035
27.511961722488035
27.511961722488035
27.511961722488035
27.511961722488035
27.511961722488035
27.511961722488035
27.511961722488035
27.511961722488035
27.511961722488035
27.511961722488035
27.511961722488035
27.511961722488035
27.511961722488035
27.511961722488035
27.511961722488035
27.511961722488035
27.511961722488035
27.511961722488035
27.511961722488035
27.511961722488035
27.511961722488035
27.511961722488035
27.511961722488035
27.511961722488035
27.511961722488035
27.511961722488035
27.511961722488035
27.511961722488035
27.511961722488035
27.511961722488035
27.511961722488035
27.511961722488035
27.511961722488035
27.511961722488035
27.511961722488035
27.511961722488035
27.511961722488035
27.511961722488035
27.511961722488035
27.511961722488035
27.511961722488035
27.511961722488035
27.511961722488035
27.511961722488035
27.511961722488035
27.7511961722488
27.7511961722488
27.7511961722488
27.7511961722488
27.7511961722488
27.7511961722488
27.7511961722488
27.7511961722488
27.7511961722488
27.7511961722488
27.7511961722488
27.7511961722488
27.7511961722488
27.7511961722488
27.7511961722488
27.990430622009566
27.990430622009566
27.990430622009566
27.990430622009566
27.990430622009566
27.990430622009566
27.990430622009566
28.468899521531096
28.94736842105263
28.94736842105263
30.143540669856456
32.535885167464116
36.36363636363636
36.424111495479856
36.43636363636364
36.43636363636364
36.43636363636364
36.43636363636364
36.43636363636364
36.43636363636364
36.43636363636364
36.43636363636364
36.43636363636364
36.43636363636364
36.43636363636364
36.43636363636364
36.43636363636364
36.43636363636364
36.43636363636364
36.43636363636364
36.43636363636364
36.43636363636364
36.43636363636364
36.43636363636364
36.43636363636364
36.43636363636364
36.43636363636364
36.43636363636364
36.43636363636364
36.43636363636364
36.43636363636364
36.43636363636364
36.43636363636364
36.43636363636364
36.43636363636364
36.43636363636364
36.43636363636364
36.43636363636364
36.43636363636364
36.43636363636364
36.43636363636364
36.43636363636364
36.43636363636364
36.43636363636364
36.43636363636364
36.43636363636364
36.43636363636364
36.43636363636364
36.43636363636364
36.43636363636364
36.43636363636364
36.43636363636364
36.43636363636364
36.43636363636364
36.43636363636364
36.43636363636364
36.43636363636364
36.43636363636364
36.43636363636364
36.43636363636364
36.43636363636364
36.43636363636364
36.43636363636364
36.43636363636364
36.43636363636364
36.43636363636364
36.43636363636364
36.43636363636364
36.43636363636364
36.43636363636364
36.43636363636364
36.43636363636364
36.43636363636364
36.43636363636364
36.509090909090915
36.509090909090915
36.509090909090915
36.509090909090915
36.509090909090915
36.509090909090915
36.509090909090915
36.509090909090915
36.509090909090915
36.509090909090915
36.509090909090915
36.581818181818186
36.581818181818186
36.581818181818186
36.581818181818186
36.581818181818186
36.581818181818186
36.654545454545456
36.654545454545456
36.654545454545456
36.727272727272734
36.727272727272734
36.800000000000004
36.800000000000004
37.01818181818182
37.09090909090909
37.23636363636364
37.52727272727273
45.45454545454546
45.535714285714285
45.535714285714285
45.535714285714285
45.535714285714285
45.535714285714285
45.535714285714285
45.535714285714285
45.535714285714285
45.535714285714285
45.535714285714285
45.535714285714285
45.535714285714285
45.535714285714285
45.535714285714285
45.535714285714285
45.535714285714285
45.535714285714285
45.535714285714285
45.535714285714285
45.535714285714285
45.535714285714285
45.535714285714285
45.535714285714285
45.535714285714285
45.535714285714285
45.535714285714285
45.535714285714285
45.535714285714285
45.535714285714285
45.535714285714285
45.535714285714285
45.535714285714285
45.535714285714285
45.535714285714285
45.535714285714285
45.535714285714285
45.535714285714285
45.535714285714285
45.535714285714285
45.535714285714285
45.535714285714285
45.535714285714285
45.535714285714285
45.535714285714285
45.535714285714285
45.535714285714285
45.535714285714285
45.535714285714285
45.535714285714285
45.535714285714285
45.535714285714285
45.535714285714285
45.535714285714285
45.535714285714285
45.535714285714285
45.535714285714285
45.535714285714285
45.535714285714285
45.616883116883116
45.616883116883116
45.616883116883116
45.616883116883116
45.616883116883116
45.616883116883116
45.616883116883116
45.616883116883116
45.616883116883116
45.616883116883116
45.616883116883116
45.616883116883116
45.616883116883116
45.616883116883116
45.616883116883116
45.616883116883116
45.616883116883116
45.616883116883116
45.616883116883116
45.69805194805195
45.69805194805195
45.69805194805195
45.77922077922078
45.77922077922078
45.77922077922078
45.77922077922078
45.77922077922078
45.86038961038961
45.86038961038961
45.94155844155844
45.94155844155844
45.94155844155844
46.00971480847718
46.02272727272727
46.02272727272727
46.185064935064936
46.42857142857143
46.509740259740255
46.509740259740255
47.4025974025974
51.62337662337662
54.54545454545455
54.61457446670967
54.79115479115479
54.79115479115479
54.79115479115479
54.79115479115479
54.79115479115479
54.79115479115479
54.79115479115479
54.79115479115479
54.79115479115479
54.79115479115479
54.79115479115479
54.79115479115479
54.79115479115479
54.79115479115479
54.79115479115479
54.79115479115479
54.79115479115479
54.79115479115479
54.79115479115479
54.79115479115479
54.79115479115479
54.79115479115479
54.79115479115479
54.79115479115479
54.79115479115479
54.79115479115479
54.79115479115479
54.79115479115479
54.79115479115479
54.79115479115479
54.79115479115479
54.79115479115479
54.79115479115479
54.79115479115479
54.79115479115479
54.79115479115479
54.79115479115479
54.79115479115479
54.79115479115479
54.79115479115479
54.79115479115479
54.79115479115479
54.79115479115479
54.79115479115479
54.79115479115479
54.79115479115479
54.79115479115479
54.79115479115479
54.79115479115479
54.79115479115479
54.79115479115479
54.79115479115479
54.79115479115479
54.79115479115479
54.79115479115479
54.79115479115479
54.79115479115479
54.79115479115479
54.79115479115479
54.79115479115479
54.79115479115479
54.79115479115479
54.79115479115479
54.79115479115479
54.79115479115479
54.79115479115479
54.79115479115479
54.79115479115479
54.79115479115479
54.79115479115479
54.79115479115479
54.79115479115479
54.79115479115479
55.03685503685503
55.03685503685503
55.03685503685503
55.03685503685503
55.03685503685503
55.03685503685503
55.03685503685503
55.03685503685503
55.03685503685503
55.03685503685503
55.03685503685503
55.03685503685503
55.03685503685503
55.03685503685503
55.28255528255528
55.28255528255528
55.28255528255528
55.52825552825552
55.52825552825552
55.52825552825552
56.26535626535626
56.26535626535626
58.47665847665847
59.7051597051597
60.68796068796068
63.63636363636363
63.78299120234604
63.78299120234604
63.78299120234604
63.78299120234604
63.78299120234604
63.78299120234604
63.78299120234604
63.78299120234604
63.78299120234604
63.78299120234604
63.78299120234604
63.78299120234604
63.78299120234604
63.78299120234604
63.78299120234604
63.78299120234604
63.78299120234604
63.78299120234604
63.78299120234604
63.78299120234604
63.78299120234604
63.78299120234604
63.78299120234604
63.78299120234604
63.78299120234604
63.78299120234604
63.78299120234604
63.78299120234604
63.78299120234604
63.78299120234604
63.78299120234604
63.78299120234604
63.78299120234604
63.78299120234604
63.78299120234604
63.78299120234604
63.78299120234604
63.78299120234604
63.78299120234604
63.78299120234604
63.78299120234604
63.78299120234604
63.78299120234604
63.78299120234604
63.78299120234604
63.78299120234604
63.78299120234604
63.78299120234604
63.78299120234604
63.78299120234604
63.78299120234604
63.78299120234604
63.78299120234604
63.78299120234604
63.78299120234604
63.78299120234604
63.78299120234604
63.78299120234604
63.78299120234604
63.78299120234604
63.78299120234604
63.78299120234604
63.929618768328446
63.929618768328446
63.929618768328446
63.929618768328446
63.929618768328446
63.929618768328446
63.929618768328446
63.929618768328446
63.929618768328446
63.929618768328446
64.07624633431085
64.07624633431085
64.07624633431085
64.07624633431085
64.07624633431085
64.07624633431085
64.20640930111396
64.22287390029325
64.22287390029325
64.22287390029325
64.36950146627565
64.36950146627565
64.36950146627565
64.36950146627565
64.51612903225806
64.51612903225806
64.51612903225806
64.66275659824046
64.66275659824046
64.66275659824046
64.80938416422288
64.80938416422288
64.95601173020528
64.95601173020528
65.39589442815249
65.8357771260997
66.42228739002933
72.72727272727272
72.9490022172949
72.9490022172949
72.9490022172949
72.9490022172949
72.9490022172949
72.9490022172949
72.9490022172949
72.9490022172949
72.9490022172949
72.9490022172949
72.9490022172949
72.9490022172949
72.9490022172949
72.9490022172949
72.9490022172949
72.9490022172949
72.9490022172949
72.9490022172949
72.9490022172949
72.9490022172949
72.9490022172949
72.9490022172949
72.9490022172949
72.9490022172949
72.9490022172949
72.9490022172949
72.9490022172949
72.9490022172949
72.9490022172949
72.9490022172949
72.9490022172949
72.9490022172949
72.9490022172949
72.9490022172949
72.9490022172949
72.9490022172949
72.9490022172949
72.9490022172949
72.9490022172949
72.9490022172949
72.9490022172949
72.9490022172949
72.9490022172949
72.9490022172949
72.9490022172949
72.9490022172949
72.9490022172949
72.9490022172949
72.9490022172949
72.9490022172949
72.9490022172949
72.9490022172949
72.9490022172949
72.9490022172949
72.9490022172949
72.9490022172949
72.9490022172949
72.9490022172949
72.9490022172949
73.17073170731707
73.17073170731707
73.17073170731707
73.17073170731707
73.17073170731707
73.17073170731707
73.17073170731707
73.17073170731707
73.17073170731707
73.17073170731707
73.17073170731707
73.17073170731707
73.17073170731707
73.17073170731707
73.17073170731707
73.17073170731707
73.17073170731707
73.17073170731707
73.17073170731707
73.18643279175573
73.39246119733926
73.39246119733926
73.39246119733926
73.39246119733926
73.39246119733926
73.61419068736143
73.61419068736143
73.61419068736143
73.61419068736143
73.61419068736143
73.8359201773836
73.8359201773836
73.8359201773836
73.8359201773836
73.8359201773836
74.05764966740577
74.50110864745012
76.05321507760533
78.04878048780489
78.49223946784923
81.81818181818183
81.89723320158103
81.89723320158103
81.89723320158103
81.89723320158103
81.89723320158103
81.89723320158103
81.89723320158103
81.89723320158103
81.89723320158103
81.89723320158103
81.89723320158103
81.89723320158103
81.89723320158103
81.89723320158103
81.89723320158103
81.89723320158103
81.89723320158103
81.89723320158103
81.89723320158103
81.89723320158103
81.89723320158103
81.89723320158103
81.89723320158103
81.89723320158103
81.89723320158103
81.89723320158103
81.89723320158103
81.89723320158103
81.89723320158103
81.89723320158103
81.89723320158103
81.89723320158103
81.89723320158103
81.89723320158103
81.89723320158103
81.89723320158103
81.89723320158103
81.89723320158103
81.89723320158103
81.89723320158103
81.89723320158103
81.89723320158103
81.89723320158103
81.89723320158103
81.89723320158103
81.89723320158103
81.89723320158103
81.89723320158103
81.89723320158103
81.89723320158103
81.89723320158103
81.89723320158103
81.89723320158103
81.89723320158103
81.89723320158103
81.89723320158103
81.89723320158103
81.89723320158103
81.89723320158103
81.89723320158103
81.89723320158103
81.89723320158103
81.89723320158103
81.89723320158103
81.89723320158103
81.89723320158103
81.89723320158103
81.97628458498025
81.97628458498025
81.97628458498025
81.97628458498025
81.97628458498025
81.97628458498025
81.97628458498025
81.97628458498025
81.97628458498025
81.97628458498025
81.97628458498025
81.97628458498025
81.97628458498025
82.05533596837945
82.05533596837945
82.05533596837945
82.1281014001515
82.13438735177867
82.13438735177867
82.13438735177867
82.13438735177867
82.21343873517787
82.21343873517787
82.21343873517787
82.21343873517787
82.29249011857708
82.29249011857708
82.52964426877472
82.52964426877472
82.84584980237155
84.74308300395258
86.64031620553361
90.90909090909092
